158.205004421645 1
162.118310579992 1
170.669352796951 1
169.979964961572 1
162.916717590694 1
160.422666973802 1
148.761791109724 1
152.283559081583 1
167.850507206668 1
166.180739207958 1
163.590325088976 1
153.271422752284 1
155.551514857801 1
165.600276922852 1
153.388085193824 1
165.570446028543 1
176.66856334522 1
169.162936557037 1
158.104350891107 1
165.208851272443 1
161.523221600919 1
171.772330774276 1
153.188153760691 1
162.93724602992 1
149.979033196067 1
154.501675101795 1
148.967235559876 1
164.744671487371 1
168.001071640312 1
161.131667912875 1
149.888783464284 1
149.804237717707 1
160.204517530321 1
166.360804427695 1
150.317978494545 1
170.68711923256 1
164.619055878877 1
150.747486664739 1
151.039944996484 1
165.658995520084 1
151.424539482024 1
170.845805034714 1
160.165982642086 1
170.754077610694 1
152.36940925746 1
154.203848365174 1
162.932369068665 1
153.440669638137 1
168.546869509529 1
154.389595294665 1
162.783294936372 1
165.204564003599 1
152.321764997149 1
150.898662635622 1
155.164125977384 1
168.384580746379 1
159.959221580174 1
150.228411722012 1
163.482352852788 1
170.733420373286 1
160.981047422948 1
161.528152096841 1
168.45812818058 1
148.709063145445 1
152.35515617318 1
158.747953092959 1
159.714805368152 1
164.543126511372 1
164.490033814473 1
169.714865126151 1
155.534286045295 1
155.171574779523 1
150.509985475977 1
163.474416050848 1
170.95137645923 1
153.083338158423 1
164.220270441693 1
153.919752537046 1
172.198463076037 1
166.132613210329 1
167.566238008619 1
165.47418710081 1
163.207973158358 1
166.408079577483 1
160.259380847292 1
154.205053678538 1
169.768910004755 1
153.560139043578 1
175.105558763548 1
165.857845225709 1
162.359932289503 1
161.743173944871 1
162.449565452709 1
163.151067907017 1
159.185405717152 1
161.558477261201 1
163.771264833178 1
160.243091076159 1
170.799172369546 1
162.579437222638 1
149.682676269866 1
166.713750765816 1
162.084427431142 1
152.247151145856 1
167.000489510725 1
149.827975574537 1
162.420588279871 1
155.944019299979 1
153.058020404019 1
169.628155126484 1
174.961256108438 1
162.588818973045 1
165.858970783747 1
158.875447887525 1
165.342811533159 1
174.254783402407 1
161.642200121279 1
162.127354771606 1
164.362066119383 1
158.07873970927 1
161.411746327187 1
165.613019815631 1
169.090043326899 1
166.670407359441 1
160.902140546444 1
163.357545902247 1
161.181926300118 1
161.656377938407 1
155.540353844318 1
165.575252405559 1
164.588226581662 1
163.24543571372 1
149.440901574998 1
169.954977308471 1
163.364949832084 1
154.999407408418 1
159.539995524747 1
152.364469944061 1
164.422122294741 1
166.077888446575 1
175.200683322907 1
153.804181846815 1
151.646689221081 1
167.210595629848 1
152.597919176193 1
172.566822210598 1
150.99199992946 1
166.499879856695 1
153.717851439415 1
162.189377498922 1
152.443275925 1
154.526759072457 1
160.469307807931 1
153.41847285042 1
147.931358654489 1
166.508910617799 1
151.546471993943 1
163.564660832173 1
170.210808921374 1
163.673503633016 1
158.771850973072 1
153.955344726073 1
151.10476575977 1
163.224369075071 1
164.872751721193 1
168.381267858244 1
169.044616347924 1
163.259777865799 1
165.964734937433 1
151.964361593472 1
158.035023549182 1
160.221632359731 1
163.047381417052 1
163.637084291312 1
164.099078795093 1
164.937319290775 1
151.982386843515 1
152.279098155887 1
156.647718826583 1
150.298569419143 1
150.477973556342 1
162.689644885716 1
157.401058401363 1
152.927485574655 1
169.247606395251 1
164.676090881888 1
170.982654578837 1
160.401564710697 1
164.795291691271 1
167.187731348383 1
163.365294615458 1
153.906299141197 1
165.544223079889 1
155.074460936831 1
163.851732113002 1
164.215389204077 1
162.493352885543 1
165.069656850182 1
173.737531640587 1
174.728329168542 1
163.146647057648 1
152.669874309943 1
166.016328762557 1
162.215665821848 1
146.884888526911 1
170.904482872847 1
158.61945270077 1
161.049911712196 1
164.015754348802 1
151.691312813534 1
162.996147292887 1
163.592651407781 1
168.886789406421 1
159.171070358854 1
152.155550461438 1
165.634351344174 1
167.406022217698 1
165.648312957614 1
164.233120215858 1
156.366668359211 1
164.532849707463 1
162.756637525796 1
160.88369602419 1
163.44214894456 1
150.603081399217 1
166.674917265963 1
163.060017096905 1
153.96685387701 1
153.330165264548 1
166.951758028703 1
161.559124136936 1
152.028870089991 1
160.856842708441 1
160.501587247963 1
172.490311548884 1
162.055330952001 1
152.564703118074 1
173.602263192181 1
166.507018934306 1
153.38388064498 1
149.914117736953 1
168.407606123612 1
154.655937997618 1
155.250646810159 1
165.154820848635 1
151.995204221312 1
158.627040947555 1
168.861165262802 1
163.412788028001 1
163.276122328586 1
161.794718678961 1
151.256269575515 1
164.372234619737 1
167.399735331792 1
151.983231247741 1
152.133162548203 1
164.901836281182 1
162.359143354538 1
151.05277046274 1
161.454265179408 1
161.8215485495 1
160.71429342218 1
167.538637767024 1
163.012164796427 1
163.29902046683 1
166.21020454014 1
167.667163689665 1
169.369914629395 1
158.756767386671 1
164.728435248285 1
165.359641034092 1
165.204825921209 1
165.373586961269 1
173.699384469212 1
170.370404378379 1
169.264319106913 1
150.045747900845 1
163.922922494952 1
154.063255904707 1
150.565580556646 1
148.391018186095 1
165.237068628625 1
173.731926240759 1
149.731357923505 1
164.332435113886 1
151.641893808656 1
147.861648124255 1
160.877712548614 1
169.024421565153 1
170.910630147117 1
160.658966204481 1
168.271072337364 1
160.193942419432 1
166.422751958252 1
164.219134401624 1
160.117133425526 1
149.390940615168 1
148.795017121044 1
160.650842626881 1
162.443186390497 1
168.966149460093 1
159.985880115586 1
152.231265744989 1
167.297874619171 1
164.29809614007 1
149.84783904417 1
166.054959352529 1
162.801604079462 1
168.669002536624 1
161.085720778371 1
168.34583522146 1
164.75345976957 1
153.576326078688 1
155.063924001721 1
166.870207788891 1
149.647411786832 1
165.232775612417 1
156.822294872839 1
163.664563510173 1
164.023219742402 1
154.592411410108 1
162.771354064987 1
169.324887533719 1
165.220332475565 1
162.000778336516 1
161.254704869673 1
159.722492695172 1
153.061411976068 1
150.140694626002 1
152.68904580332 1
153.999277876345 1
163.658116389083 1
161.456994122669 1
152.932400864613 1
151.825263628719 1
165.154252360811 1
161.885448992768 1
164.55158916488 1
164.458340186933 1
169.179026873035 1
162.384856036072 1
167.232573994956 1
148.840824604371 1
163.691849953096 1
168.808799622547 1
170.881177730591 1
161.527854810723 1
153.712222383133 1
168.928111043345 1
163.375711318094 1
152.571031206317 1
170.724283447179 1
152.660194101522 1
152.036777546466 1
152.456455281242 1
166.154190700688 1
153.900765083262 1
156.767879167663 1
148.857503148413 1
155.422574918223 1
160.631406655378 1
161.738714648264 1
158.653185423096 1
162.923227620223 1
165.044854496676 1
154.540049638854 1
166.74956118748 1
151.891170297126 1
165.212939629152 1
159.416714048793 1
167.231053405684 1
161.597046044343 1
161.462834772474 1
158.36694349738 1
155.143053094639 1
162.840174430968 1
164.511751292643 1
168.577802772737 1
158.938119449667 1
168.28699122962 1
152.231920715343 1
169.428604288687 1
152.18091403515 1
166.16856578774 1
153.883085035908 1
171.372163548441 1
165.648199138071 1
175.261149379675 1
153.035470703278 1
152.259893206442 1
164.427797132178 1
159.847465244152 1
169.350082599445 1
151.862010293797 1
161.557016338857 1
162.985282158346 1
149.787797259978 1
160.029544916626 1
168.927256569398 1
167.815288862169 1
158.213991707287 1
159.882309336566 1
169.12377922605 1
170.818915634989 1
152.036288963599 1
166.159058658249 1
150.767727656791 1
161.878697659913 1
160.197106931532 1
159.357459181961 1
163.187182296608 1
165.109212041646 1
171.005128664887 1
162.354053446168 1
150.161347162065 1
151.321962798419 1
168.303423963986 1
166.544742405739 1
164.655597259317 1
156.113084565983 1
155.716947351874 1
165.154116387055 1
163.947730395166 1
150.521965801554 1
171.428718606331 1
165.080709449957 1
161.051214412981 1
153.057435156606 1
151.863797424902 1
154.623078828829 1
173.478554381718 1
168.785607973994 1
147.843768628699 1
158.426759074111 1
163.290485751669 1
162.844837897218 1
166.129982536458 1
171.814426496465 1
170.096548291033 1
167.423826341455 1
150.339253119717 1
170.091390192837 1
168.504639476511 1
169.444019224701 1
162.559121055113 1
162.18084387681 1
170.710162763042 1
171.466983816785 1
164.179177247784 1
162.376861053869 1
151.421280799209 1
153.742688061951 1
163.690318570053 1
147.64327959815 1
160.890814091854 1
166.799783955886 1
155.278859185704 1
151.854206584377 1
164.49979419182 1
168.123434146203 1
155.831367400043 1
162.475902658655 1
161.871804739822 1
163.815826920627 1
150.465439342381 1
153.1862975732 1
152.149901148189 1
159.797673858882 1
165.400930975695 1
164.155621889901 1
163.531743362067 1
162.585255360538 1
164.275518208165 1
163.328881480329 1
162.349550029062 1
168.070619893329 1
159.200006862886 1
164.72630359102 1
171.838863668269 1
162.751417598186 1
152.52373791245 1
153.618637496029 1
168.592953619851 1
165.162480873762 1
169.006353232461 1
152.959991061133 1
155.679663150738 1
157.042366208247 1
158.532686093862 1
152.475629818362 1
167.83519771803 1
154.610908221823 1
150.74997333055 1
152.015796141401 1
165.087105518897 1
168.974173581013 1
162.01110508408 1
147.858399952551 1
155.463338707822 1
160.473911746925 1
159.702577635983 1
159.41456572973 1
153.435732442836 1
162.346480484326 1
165.814170056007 1
166.949001813775 1
163.945447722455 1
168.634339071795 1
162.073926062773 1
168.629365218957 1
159.262303976985 1
166.118946447866 1
162.270733095259 1
163.8510233496 1
167.102827363334 1
163.839023866188 1
152.940262670725 1
152.404340072762 1
153.437211187719 1
164.206433642256 1
152.893936925523 1
174.642633027699 1
163.856776511275 1
167.136172113373 1
170.500604216692 1
161.904294050687 1
153.547179754481 1
158.224524007476 1
152.236308681411 1
161.447833063982 1
167.867671364512 1
160.274798334522 1
170.136152259812 1
148.795328760449 1
169.006363276557 1
152.367173022209 1
165.925064858948 1
161.391510245617 1
170.120353742864 1
167.132161338281 1
166.157750630606 1
162.900071822048 1
162.709532086842 1
166.326175339469 1
172.050775188592 1
153.36279532153 1
170.909706441299 1
167.506536993713 1
152.031110442929 1
166.397490854579 1
150.888361028463 1
167.589263007866 1
167.476383670993 1
153.401890511719 1
164.285757495071 1
152.027176859047 1
160.465847814945 1
158.947664737802 1
159.457748291092 1
149.514212673969 1
166.261675207696 1
158.223709118715 1
168.676203635845 1
162.755524669629 1
166.06491788632 1
170.440940069859 1
172.546315226354 1
163.297369928567 1
151.18244728959 1
166.487136991732 1
170.598680709717 1
149.369852536463 1
171.706452139326 1
149.589634858224 1
163.155384284582 1
165.983832093858 1
171.750711055456 1
163.184919808601 1
166.834080732439 1
166.946671276512 1
159.935116427047 1
163.224386476353 1
161.098517367087 1
162.386057080904 1
155.937878529481 1
152.196403619103 1
165.538073601704 1
161.107800044107 1
166.682106974519 1
149.516391683049 1
167.710390724781 1
164.798229786092 1
165.553291770096 1
150.362613977166 1
152.050595463607 1
154.882654850542 1
164.369074276851 1
168.692805885362 1
151.030319927858 1
149.80638802501 1
173.158959151235 2
176.159078335148 2
186.459837532941 2
171.0868651953 2
174.15628912875 2
187.855953824185 2
187.342301679276 2
181.239761854814 2
188.334618428303 2
176.993247007967 2
176.91954732294 2
187.786023318579 2
181.280923140338 2
170.366845815224 2
177.637174842247 2
176.955811884418 2
189.651241697291 2
175.227910433824 2
177.346878617315 2
187.197919507028 2
179.792813506174 2
188.895439990667 2
188.981136251428 2
187.193376238496 2
189.343093133606 2
183.071116955765 2
170.618683295633 2
178.289573467961 2
187.915418106477 2
187.507027782868 2
181.719133550022 2
187.583320987626 2
177.022743369441 2
178.039498208986 2
178.379366591169 2
175.514298072224 2
181.232246901527 2
188.430658989519 2
187.53335876408 2
176.466686540628 2
187.133829648231 2
187.542898259528 2
186.862204908134 2
173.915810418155 2
178.020946571245 2
188.173069673854 2
180.337662211003 2
171.948069933494 2
188.040508379125 2
173.801410944116 2
177.803889583648 2
180.08594322543 2
186.475805191128 2
171.475465437723 2
176.59526083337 2
178.929090899656 2
175.563711047933 2
180.760757546483 2
173.76714802518 2
188.019767711184 2
181.052986146912 2
180.632855195478 2
177.638503292103 2
173.029904904735 2
176.332400460661 2
182.521268308991 2
171.423316833434 2
177.281717101402 2
177.139403700643 2
176.506517940213 2
186.280710455295 2
178.904617124596 2
188.821121366557 2
174.387586654323 2
188.355220096 2
180.866866436989 2
176.562158031069 2
173.667769922054 2
187.872644193652 2
177.409313570266 2
174.238806470005 2
187.53018899527 2
188.560878966456 2
181.185825712876 2
186.177801879827 2
188.624638995847 2
176.220684035919 2
188.552089131325 2
174.696724979969 2
182.71713985983 2
183.610790549712 2
188.171494650443 2
175.061062586246 2
171.715654866081 2
180.183255492859 2
187.81670619909 2
186.757557859358 2
165.709224838279 2
188.28602387891 2
186.020810701574 2
187.76366282797 2
186.918356720551 2
175.456346740864 2
177.393886055995 2
173.319407447004 2
177.380524262464 2
177.274615322258 2
188.588162304227 2
174.099373795006 2
180.246475852514 2
182.040066919669 2
189.27823355313 2
187.594340301081 2
177.0984090482 2
182.48765254117 2
187.166241634736 2
188.798193790772 2
174.355944062756 2
176.103781869767 2
189.14286411003 2
187.92357662247 2
180.714476040941 2
186.119206402148 2
186.661768751723 2
187.622170411315 2
176.680689571236 2
180.376349284455 2
187.778549862671 2
188.270835360849 2
186.308998389764 2
176.208430757711 2
187.347617702861 2
180.039803529566 2
178.354972649374 2
188.211620213253 2
189.256591384757 2
187.863845820398 2
188.231892901721 2
187.075042771272 2
178.741514857706 2
187.507337876384 2
187.5009273462 2
173.78772412381 2
186.942381705537 2
187.818178537868 2
186.867706154896 2
177.755442201834 2
188.188653972067 2
177.201209329357 2
168.038678516564 2
186.806653552595 2
170.830327445266 2
188.987977024672 2
180.394411210081 2
186.896118062034 2
188.73589691676 2
189.603822850909 2
178.677847536307 2
188.4714325329 2
181.790577148606 2
176.055221722861 2
188.691575896782 2
187.03642344489 2
176.089796365681 2
188.377239421802 2
169.853195506656 2
188.366238198608 2
177.951450613695 2
175.850629357206 2
188.186533484615 2
176.187044281967 2
188.687555460625 2
169.369024773392 2
187.469715037783 2
175.870881185137 2
186.347020215116 2
178.828691408006 2
189.420094662721 2
186.589371567995 2
173.404092932107 2
176.196422577966 2
175.931743059517 2
188.333479150875 2
184.86066845028 2
188.448981625965 2
179.345967087485 2
184.563107333156 2
186.081875922425 2
188.519678630834 2
180.212504721287 2
187.614482775108 2
186.02993669466 2
180.445958965061 2
178.559100042915 2
187.605098252946 2
188.291485267229 2
171.464643783961 2
188.167710854511 2
189.225319074826 2
175.574522783051 2
175.701660699778 2
188.770273987851 2
174.939576635827 2
187.134228222521 2
187.884995149127 2
185.281566916592 2
188.813901380566 2
172.038866545585 2
186.399130931382 2
176.104304119932 2
187.406192411236 2
179.375568110832 2
187.30725669403 2
188.181495183111 2
189.93773569733 2
175.206187514316 2
172.300168612266 2
189.639063824003 2
177.323969836332 2
187.944691993675 2
177.305847217975 2
187.987073029367 2
175.281693971533 2
167.066442717889 2
187.015094216688 2
188.468210275441 2
174.629831927637 2
177.419879059587 2
187.257164104638 2
173.456425112223 2
184.895997880534 2
171.764991111396 2
179.145465841748 2
187.192928497103 2
187.329594687498 2
179.824815871993 2
187.702721672941 2
177.190776146148 2
181.230756049323 2
183.451518776205 2
175.729758379117 2
187.665026517589 2
178.862298904852 2
187.5654816955 2
187.436106513527 2
171.299232583298 2
187.559215034617 2
178.543309986967 2
187.479893528186 2
188.426170791421 2
187.389212214168 2
177.25172904723 2
175.061712941304 2
188.690711691466 2
188.040861588168 2
187.810870282209 2
187.462084935479 2
186.798960100833 2
186.289201507396 2
175.590544695357 2
179.163416878542 2
169.986625961193 2
187.42573365409 2
187.869070773085 2
188.480097311621 2
189.148722261646 2
186.941365528636 2
187.465235065867 2
177.356746666417 2
186.189325501187 2
184.597492623011 2
179.186184003107 2
187.953030711717 2
187.660141338691 2
175.438449230202 2
178.480432598312 2
183.767289045076 2
182.336101837341 2
188.498170211011 2
187.735978603071 2
186.943370769479 2
188.596638083979 2
188.088972458926 2
178.893381568254 2
177.159257587476 2
188.072450740078 2
174.930366347781 2
188.25204049838 2
180.17080410894 2
188.582734581871 2
188.361483129115 2
187.394839548663 2
187.056105309909 2
189.496298048725 2
187.753110445505 2
172.66255895367 2
175.308761654003 2
188.563066250381 2
179.157820522483 2
188.338414840047 2
188.577897235429 2
175.296851286547 2
178.411341911239 2
179.295066601797 2
174.686276621626 2
187.659371816615 2
177.729140911146 2
183.977310091403 2
186.388506631017 2
188.189317978846 2
179.624819456806 2
189.163086416187 2
186.81577525384 2
188.212294736483 2
179.412001299576 2
172.205472702874 2
178.483759127052 2
188.959552521491 2
182.512367871796 2
179.556651797804 2
187.350851797339 2
189.099465978735 2
176.512740344853 2
189.143295011754 2
176.337390589446 2
189.801872044281 2
187.647637141014 2
176.609228257797 2
189.118871595278 2
182.917586602983 2
187.347390084069 2
187.686956200027 2
177.086699618089 2
178.890911970436 2
180.751202018317 2
174.139330052955 2
189.423554280612 2
177.275561959602 2
188.821068468208 2
187.907332415372 2
187.513137975696 2
176.126590833695 2
187.471122754987 2
186.190756485322 2
187.597049204106 2
188.366994145535 2
177.544728395997 2
188.899239686917 2
190.157025502622 2
178.167449548752 2
179.758924520187 2
187.640313496322 2
177.374253187646 2
172.529006436137 2
188.750282080124 2
186.949535032913 2
188.011966212283 2
190.075343374877 2
177.406998107695 2
179.719507202587 2
188.133879057268 2
181.401893192457 2
170.20351836031 2
183.951097711697 2
186.296906456211 2
177.180230740201 2
186.822780268465 2
187.086992396126 2
187.287891209252 2
186.993513625029 2
188.057091227403 2
188.44223381346 2
185.770720554084 2
168.050443850247 2
190.25396851447 2
185.062230623064 2
184.777257241294 2
177.617277732438 2
176.926674666675 2
179.192680987547 2
165.171775651785 2
186.729381705942 2
188.491378492325 2
187.831806317612 2
178.49629903384 2
166.466121858042 2
188.090988694467 2
177.157074794823 2
188.009006006471 2
178.55904567399 2
187.956235221194 2
188.722481376443 2
188.403760589879 2
170.609770638379 2
188.848081812716 2
188.625046695634 2
180.427229942796 2
177.5929651011 2
183.462016332112 2
188.28897688093 2
188.156121344843 0
162.526982763484 0
149.801065598364 0
186.49816787787 0
168.005417584814 0
169.003929708417 0
168.285999762068 0
151.276555228937 0
186.782645879763 0
161.481615359006 0
151.056302291336 0
188.309666157015 0
165.78027418274 0
171.936896771809 0
180.260765583784 0
166.667455510782 0
152.142633654885 0
173.197060491707 0
188.146689224192 0
190.073865771145 0
152.091615324517 0
189.573850570932 0
150.068481795931 0
177.220263719978 0
188.674093741024 0
181.125584288353 0
188.830057965248 0
186.630899631524 0
157.225539015453 0
174.938932151062 0
187.969987229094 0
178.727986836801 0
159.946925728258 0
169.067167786583 0
150.356637444532 0
173.528471883229 0
166.19323142635 0
183.308599487876 0
163.047796697797 0
172.430025528505 0
169.603981169968 0
174.214643567762 0
188.55074990598 0
189.537664270202 0
164.92604903068 0
164.5939178715 0
160.987845411958 0
178.508097234949 0
154.923873125716 0
151.089037983926 0
187.674915779434 0
181.001480006258 0
152.256185252033 0
151.629668777466 0
188.128205983084 0
168.764270761293 0
164.996685249865 0
162.740823405462 0
168.380733619928 0
165.3151497293 0
151.993262709288 0
152.099736096457 0
160.528317841092 0
186.849979327267 0
151.196289716186 0
174.151981331197 0
187.41063699743 0
181.931840442386 0
189.313504237222 0
188.244980719703 0
179.822130436038 0
189.399023133424 0
182.970919400579 0
188.671271717607 0
177.624800509774 0
166.878532793085 0
175.384154533715 0
163.329213476918 0
180.682430605871 0
161.708908743197 0
188.407349592612 0
152.568893937087 0
171.615784899452 0
186.285122639158 0
173.746969574368 0
155.9327869045 0
152.730280995466 0
178.906438353992 0
161.686390511268 0
188.173560624842 0
166.863958349292 0
188.625140942787 0
188.508477362135 0
167.640477612053 0
187.533380174519 0
172.873013980769 0
188.635685126138 0
187.8617837355 0
187.832846461836 0
188.695153720643 0
171.319189608999 0
187.584447063274 0
169.997462493771 0
170.529138159396 0
187.487792851234 0
152.652890364028 0
164.374998249884 0
188.432494271718 0
174.400841720527 0
179.209956182977 0
187.339182184211 0
160.725191577595 0
188.466631109203 0
153.845248191616 0
151.722639020649 0
161.943458125307 0
164.249231895237 0
175.477633297942 0
153.261270486935 0
151.622990865918 0
175.010934792467 0
188.84599512055 0
150.496804808159 0
167.076516791304 0
172.187232691091 0
163.443598622636 0
150.756607506095 0
171.753602861274 0
156.205249086202 0
183.229052051421 0
186.739539580831 0
154.02343341009 0
188.942401643153 0
151.262239409202 0
187.186876657729 0
162.303389080699 0
161.958885502467 0
165.649598464477 0
169.913416795699 0
187.907725264936 0
179.053078237579 0
176.032686301807 0
150.965715242456 0
175.088821248985 0
188.367216188853 0
161.645997311486 0
166.956964915169 0
187.644096820036 0
177.144141985458 0
177.901643858086 0
175.809001585584 0
187.910493060631 0
162.917541471015 0
189.809691892065 0
164.52231083805 0
187.059489954679 0
164.526208356014 0
188.10822416283 0
173.5481128213 0
184.013362279216 0
159.070987397224 0
160.110386248793 0
187.915540862829 0
164.886685328173 0
177.814459964154 0
158.788456780285 0
189.368479625404 0
166.618398610068 0
179.753913066827 0
149.408429028692 0
167.559420816865 0
186.852857253044 0
188.231175630885 0
171.716298604734 0
175.009158334095 0
150.443076833231 0
179.661737180676 0
187.688831126641 0
167.350353358943 0
168.863306137621 0
151.114062716278 0
166.34345401556 0
153.433488650957 0
161.382568788061 0
177.361931859656 0
151.597947092154 0
187.562197271318 0
153.634746313441 0
187.0686606112 0
187.129864410994 0
176.297683766128 0
190.077977452911 0
152.690572796737 0
187.620319943358 0
150.96132924802 0
189.051624588014 0
188.291908949275 0
178.741964972543 0
177.155536172684 0
186.510305571632 0
160.993079580472 0
170.371058372438 0
152.277108125478 0
163.48587323061 0
174.926776333921 0
150.77213949513 0
167.161103191912 0
183.037624049855 0
186.710293244459 0
174.016166995146 0
149.636398306099 0
152.632233529344 0
166.899229948023 0
166.04456626175 0
162.274720621819 0
189.98406567296 0
188.475967328234 0
188.185332073279 0
173.159062172196 0
181.936592266637 0
187.57524369593 0
166.652021355152 0
176.444772752739 0
175.863582753095 0
164.098277786315 0
154.248992492802 0
166.359027662859 0
186.186649079661 0
164.761837253254 0
158.199582235764 0
168.829098891386 0
179.88707528663 0
171.680130149412 0
151.961709012711 0
168.757565231023 0
170.780019407656 0
163.615682263442 0
178.573667172935 0
175.263586917407 0
188.514831410559 0
165.981460589142 0
186.161239368368 0
151.274292577861 0
152.737475342744 0
163.983630808761 0
167.167744667091 0
175.161814018301 0
163.100978884861 0
181.149548098095 0
180.596962119551 0
148.885211508198 0
187.963148417942 0
171.508804573096 0
187.031833514656 0
168.374931383764 0
175.336785942659 0
179.289797785063 0
187.469097691943 0
188.711436844016 0
167.923520174279 0
165.261791622468 0
189.533031610933 0
159.846952041375 0
175.191923083944 0
161.518976505337 0
166.408579344716 0
187.341785017615 0
152.994189159226 0
154.176844306512 0
159.68784711222 0
163.575873274859 0
155.109789522607 0
165.278135399272 0
180.539082693584 0
167.050190058487 0
180.310103200252 0
151.970330396855 0
188.474529318927 0
188.112437619011 0
189.018161007931 0
186.976213832168 0
154.14913186069 0
157.728726277352 0
171.925765151684 0
187.181865287527 0
167.696029352387 0
152.53065987687 0
156.002567243081 0
151.933658837766 0
187.27966746816 0
171.006441266668 0
187.709685718354 0
158.941564550236 0
181.327380345771 0
168.242343526156 0
176.709694974066 0
186.053145281119 0
187.507936285045 0
187.891322913075 0
162.151336013914 0
155.060077876104 0
189.481909617602 0
186.662121811793 0
171.236325625648 0
166.633136896909 0
171.285817952144 0
177.412572081704 0
167.438517354934 0
152.887081903824 0
189.594518084941 0
189.078944724777 0
188.118853015229 0
165.496654809166 0
176.669800464556 0
173.436607160554 0
187.864267012318 0
168.920152796568 0
187.305582814992 0
163.50486632628 0
169.701266957665 0
161.290235367174 0
171.939128390404 0
179.040301545513 0
187.22447931445 0
189.698107486057 0
177.665480925442 0
171.563135012464 0
178.120354106957 0
187.574796253317 0
186.615876431082 0
175.479729810563 0
169.356430201275 0
170.132184838844 0
173.182587507567 0
189.099794246801 0
186.756760879368 0
188.003437957562 0
151.041814717138 0
163.164967983445 0
170.790805323045 0
157.938248599295 0
170.08651941182 0
165.801218431354 0
178.875525901917 0
157.016758583397 0
190.245754435364 0
154.499402879341 0
164.579365277907 0
187.398154117292 0
188.729050046217 0
180.45712561253 0
167.273656264435 0
187.795048593453 0
153.238687559355 0
174.448289423441 0
171.5939524555 0
167.601853606234 0
166.965523078384 0
176.01654570851 0
168.284255939365 0
179.999974220717 0
178.648731113312 0
187.316777072384 0
173.519836935214 0
148.188181227438 0
174.411423428842 0
186.960935653876 0
186.28946446209 0
153.947417404456 0
186.066086744697 0
162.760603498623 0
174.091678782001 0
159.323051817761 0
153.159948038435 0
166.539637601258 0
163.462083552926 0
187.835704720062 0
164.876083458123 0
173.603058827022 0
177.968202964564 0
177.214019950355 0
187.758798491784 0
189.133551109597 0
189.525758020455 0
187.907932627834 0
166.741048697632 0
176.937709445037 0
165.057264584007 0
168.554023882053 0
166.234299636421 0
151.173721997889 0
166.201294303325 0
188.588628725468 0
183.475723243604 0
187.248289544664 0
178.539730486288 0
187.882718296847 0
162.44206870733 0
187.546537345587 0
164.571454564585 0
151.718919678255 0
166.072380856064 0
189.353078013338 0
186.729107128026 0
161.476977269525 0
162.095422509579 0
165.133981407731 0
188.36065177516 0
172.160354470167 0
152.995947923072 0
166.652432725094 0
162.538027153108 0
190.156734609313 0
188.253946792556 0
187.732485318345 0
165.729983408135 0
165.999054458423 0
188.138157766443 0
168.137247744028 0
153.642270672255 0
168.123098235072 0
187.644992669848 0
174.069583835473 0
148.183817273449 0
165.103640420803 0
182.196433809996 0
178.144014268496 0
163.414329215185 0
167.97249724318 0
180.774859502151 0
150.355567439905 0
158.421315213732 0
174.288044450379 0
189.460302989369 0
183.898848152638 0
162.292335027143 0
176.489103394909 0
163.214864400974 0
162.417841696939 0
175.806367470465 0
151.371485804186 0
188.606992166981 0
167.4762527011 0
166.977688157628 0
185.670645877568 0
165.4947263359 0
159.507753027412 0
165.770851165074 0
167.435403611896 0
184.510075696021 0
150.235621153709 0
163.580525070502 0
176.188469593191 0
174.69489954566 0
160.427150008892 0
165.586889249849 0
189.515437372044 0
151.493176225674 0
163.280054033084 0
171.708659344009 0
153.441776076692 0
178.441386786651 0
188.513938471218 0
186.472056674241 0
187.168968687585 0
168.522356910111 0
179.159067627138 0
166.363416962476 0
175.731994200666 0
169.865781960873 0
187.702474869807 0
189.513929017374 0
170.628601451889 0
188.816532580287 0
154.058799822667 0
160.832591718967 0
148.613200926354 0
179.111365180816 0
188.408734041317 0
163.212627834444 0
188.508639937573 0
174.375216643826 0
152.688358135038 0
169.032645479347 0
153.244784928141 0
176.029560908955 0
148.997066024047 0
173.649458280518 0
172.517514064826 0
162.36851476089 0
180.310197190289 0
165.533119944791 0
155.803676528604 0
161.187653385909 0
158.671433919048 0
188.486606654987 0
189.759307543898 0
170.331939265375 0
185.794122345317 0
162.64989984846 0
153.24484972581 0
171.500917809184 0
180.244498199955 0
187.229389126306 0
189.340026842772 0
152.172525695206 0
187.787902712716 0
179.310009758042 0
162.26065060706 0
148.653022663296 0
162.086517223423 0
174.911969592678 0
180.04338463084 0
175.866904234513 0
173.403014065319 0
168.302784247764 0
152.095506753266 0
165.032870711741 0
176.557794284293 0
152.642990096118 0
164.482126011284 0
189.996231936478 0
177.617565894038 0
153.891985140535 0
172.560740899229 0
169.731515219804 0
189.094490839665 0
166.14765461252 0
186.604889887247 0
151.918920110469 0
172.041454263046 0
164.83855955473 0
154.793157097469 0
179.400222869218 0
164.827285743038 0
156.65632227638 0
153.452145978806 0
188.750823332008 0
190.101003208046 0
166.964346532869 0
173.064321313612 0
164.861874654473 0
188.205075264885 0
158.658494755244 0
148.070696591661 0
173.349001162897 0
188.536133902734 0
167.187925867528 0
160.192686321707 0
167.800124004597 0
153.059664746882 0
188.746398683048 0
187.649050835414 0
164.326098011926 0
150.801003608382 0
166.212143909081 0
186.557102174271 0
165.767726589248 0
160.264781311688 0
151.838382241636 0
164.80281212638 0
178.894678294697 0
167.014902543023 0
174.210356473865 0
154.752302951697 0
181.679089937929 0
178.787155228448 0
168.01352651401 0
167.673596806798 0
178.000516925758 0
161.925824890734 0
164.74819093786 0
169.633214122369 0
152.594120962944 0
157.653883210784 0
159.42131748942 0
155.911069368737 0
188.943567967021 0
188.028912474586 0
186.445418566918 0
188.440423226067 0
187.762961578057 0
150.595232880369 0
167.663276511182 0
153.138623034119 0
166.083617494991 0
170.859981062624 0
187.395820672249 0
164.079099704785 0
164.333851270722 0
189.391875022586 0
189.708994339724 0
157.022416357436 0
187.349461734972 0
187.27133103722 0
159.206721570771 0
186.914735594748 0
188.08193587087 0
181.05088133403 0
180.236887944294 0
189.91142724403 0
189.362219230347 0
182.431326462591 0
187.857426210985 0
163.988356517918 0
187.819057971666 0
180.189000641587 0
187.101261021195 0
159.296544700834 0
172.174036289083 0
165.759387540985 0
186.403839805401 0
151.347512824664 0
189.181518892824 0
163.43719293896 0
188.298846159931 0
151.575109556272 0
152.78506054435 0
190.205686924391 0
157.923096312938 0
162.247062722275 0
166.46768966757 0
180.684725837155 0
176.762176123323 0
179.294224260279 0
187.295795510571 0
175.848217380355 0
172.180890706835 0
184.09045876343 0
183.483892373842 0
164.863585138602 0
176.640356272827 0
152.053994227834 0
153.490818205982 0
167.856304149897 0
150.534586163762 0
152.404129591671 0
187.75214495551 0
189.094413876344 0
180.433240408373 0
177.879488018841 0
150.124301528288 0
170.219133866769 0
188.840826106713 0
169.603422385897 0
164.838875285545 0
152.093830662638 0
161.866697233973 0
164.796403514265 0
187.890592540398 0
160.149136488353 0
188.886611160497 0
164.871719032947 0
188.184236933395 0
151.115422265618 0
174.246264113535 0
153.20753401739 0
170.885989809708 0
177.001054238336 0
185.997752906606 0
150.145084758219 0
162.074978630552 0
174.215154461296 0
152.270895635777 0
166.72081199064 0
181.921539211174 0
161.06772492154 0
187.09920817512 0
168.695717548061 0
189.249366290176 0
188.560938418803 0
187.48024130135 0
156.091847488526 0
188.002495677992 0
171.884077618074 0
162.204563262855 0
166.211595431487 0
151.354508564388 0
157.809786257941 0
178.468023915722 0
171.845368618926 0
175.539884662768 0
160.884388622815 0
182.205781598321 0
180.547694017818 0
172.368248701555 0
167.328954823523 0
168.632300391678 0
165.560056456601 0
160.676156020921 0
188.107294683825 0
188.586521650536 0
176.035267613522 0
189.157020559045 0
163.061279024352 0
188.757573813882 0
170.346248860136 0
167.027251398087 0
152.094089480615 0
150.530363490456 0
162.355527280704 0
149.671657530575 0
150.040106270134 0
170.709706104749 0
188.680872192028 0
180.205798544442 0
165.999063090553 0
187.841105093376 0
169.549766437869 0
187.470816667229 0
172.193268221597 0
187.449556661659 0
188.446356026722 0
188.64552559736 0
161.157705881425 0
174.474014792007 0
153.488523758625 0
152.088417718386 0
150.406847193836 0
189.110687959682 0
163.530036846526 0
151.282313067197 0
153.684743182733 0
188.596594541966 0
176.055846007093 0
162.435654484362 0
179.204721278764 0
160.142686802823 0
175.701336539744 0
187.898285927011 0
173.42757323825 0
166.3959227665 0
179.844132114473 0
164.552906952858 0
163.902968517968 0
181.579514154105 0
175.766979376175 0
172.291890421989 0
168.626879018292 0
172.222615840065 0
178.351756273055 0
188.872760258514 0
158.580417245312 0
164.229354532123 0
176.162286532208 0
187.054194331377 0
159.427211652932 0
152.881842126879 0
176.988130551882 0
174.612889900163 0
175.211219393162 0
188.254226250571 0
181.600644279727 0
166.18728270902 0
148.702553411352 0
173.912079892471 0
155.077186967564 0
188.072565198316 0
175.023400183184 0
156.354811239274 0
172.495913185213 0
188.324779401682 0
187.51338614392 0
155.219663412402 0
166.92426254361 0
155.158294222368 0
179.16319792863 0
169.529545427752 0
150.318809680347 0
159.757563337752 0
179.831772740925 0
189.379160902827 0
153.789100748883 0
187.995223958272 0
181.719539786811 0
189.171588058011 0
170.33045974497 0
152.754059995983 0
163.870478718325 0
188.974681306881 0
163.213091239359 0
188.197856954493 0
163.69296992368 0
159.536728847206 0
151.88410586212 0
187.393805322692 0
151.284441500393 0
174.972883189091 0
176.918323352063 0
174.589752352598 0
163.406850784722 0
165.293336578499 0
178.260581763597 0
188.953349420794 0
160.337878115129 0
178.359218605228 0
173.638552140745 0
151.391118669322 0
164.372076083197 0
170.388782648865 0
176.823996077738 0
167.919306684655 0
189.661882315442 0
188.381292948493 0
172.367866867496 0
166.012994351625 0
187.263380375714 0
151.452652464301 0
151.764754497397 0
182.751226599425 0
188.807606774382 0
188.030386013776 0
179.687149612778 0
155.322959239449 0
188.671282585188 0
172.861596888839 0
170.344438097249 0
152.7386549727 0
165.031794317153 0
165.605200230582 0
161.932099931917 0
187.943143644639 0
189.187677292346 0
174.655527080055 0
166.827435581315 0
182.664634888124 0
171.467151493247 0
178.569060137121 0
175.383404816938 0
171.364629655341 0
186.959652561961 0
188.428763818995 0
160.451281769123 0
150.577850712889 0
171.858269485747 0
168.427650790331 0
167.698273742055 0
166.148110125564 0
161.008049234593 0
160.740320612359 0
180.858758719553 0
164.362790044235 0
187.236856248952 0
186.612035474057 0
152.895053847589 0
158.15621929057 0
170.515765406264 0
179.65144233179 0
165.599354710563 0
179.241459806878 0
164.723967706887 0
186.800637334631 0
153.694427168783 0
189.040921796946 0
171.934264979597 0
189.930152432609 0
182.156721830599 0
160.998040585717 0
170.991536731669 0
173.27809258578 0
186.286266078061 0
186.7078443787 0
189.445212864637 0
160.641739936718 0
179.411996438063 0
168.901967825659 0
167.408229934868 0
160.722307396525 0
162.215076011485 0
177.979402033358 0
178.85163081998 0
186.531973819185 0
189.196683381949 0
148.585108883001 0
159.50564592346 0
166.126700743524 0
188.534007852229 0
171.227213778406 0
187.906461778846 0
167.903815497404 0
188.00310633642 0
190.000147942473 0
188.557854053461 0
188.823557351697 0
170.111053410458 0
187.907003120725 0
150.900313339779 0
173.001720508764 0
170.697115699623 0
160.042177496306 0
187.133546437437 0
167.119156081003 0
173.611243549508 0
187.772856259383 0
152.531092670265 0
176.227654716382 0
187.903621907962 0
187.897451111938 0
167.885301929521 0
181.101611569127 0
188.834828517785 0
177.92943926769 0
152.68191266045 0
179.258104125991 0
180.240010346492 0
166.441476411543 0
174.454987629675 0
166.602536263748 0
166.257242653571 0
177.379059541006 0
188.048279656525 0
172.897855896288 0
174.345874040973 0
186.856921463652 0
169.441946848879 0
164.947976485005 0
150.589394675933 0
173.298010635605 0
171.976122607281 0
153.612718554644 0
188.62634837917 0
172.578526671934 0
166.984306874548 0
158.6926719499 0
187.694304867919 0
186.742530479486 0
187.275118577411 0
188.822808903913 0
172.143819346214 0
152.412413470524 0
172.719824683453 0
164.808855272 0
153.189742757492 0
160.544801242785 0
180.263782446162 0
162.13070969436 0
167.744546330482 0
163.4302285976 0
187.246066293292 0
154.680389414832 0
154.234325909933 0
188.008925288871 0
165.090205159794 0
182.989039338879 0
161.60721300101 0
159.888265385178 0
186.828445395625 0
177.858174804307 0
169.91399539836 0
188.217203267469 0
186.752448418158 0
161.746957833502 0
188.149441983004 0
153.849652075892 0
175.181491804143 0
161.514031764019 0
171.236617223621 0
180.373715509155 0
188.628201861998 0
187.850061113263 0
186.946612738566 0
163.540147170859 0
162.800459376234 0
166.590631661567 0
186.246679406298 0
152.339332600439 0
178.555702360308 0
167.468322308947 0
163.057366379908 0
186.518470931129 0
187.841305430458 0
151.095883068063 0
188.5178155651 0
150.765974358051 0
152.483397890415 0
153.465160534864 0
188.241819478159 0
160.862890091879 0
188.334494745129 0
152.291886807597 0
165.048439019407 0
191.195904203162 0
154.003169808249 0
188.38875159511 0
167.486105756094 0
189.911575998816 0
173.943822423092 0
158.08793491368 0
154.377163193438 0
173.411083692952 0
187.070192604068 0
161.722084647404 0
181.246934201184 0
182.298825760617 0
187.677799983734 0
181.984652146548 0
174.171373237186 0
166.520203029452 0
165.319328888732 0
189.059238428192 0